3.946759
2.730718
2.314895
2.108120
1.964811
1.858211
1.758098
1.744062
1.625635
1.581880
1.493572
1.471015
1.421049
1.380069
1.333811
1.300961
1.250040
1.185985
1.188905
1.117235
1.096038
1.064722
1.035128
0.980797
0.965822
0.960252
0.993912
0.893201
0.987426
0.875403
0.841463
0.790239
0.759124
0.758461
0.741102
0.702918
0.692224
0.666883
0.639305
0.663660
0.645761
0.632968
0.581212
0.587108
0.578390
0.591430
0.570308
0.569755
0.550779
0.539030
0.516711
0.533026
0.492095
0.494769
0.506363
0.636689
0.571020
0.578754
0.515475
0.478554
0.471522
0.480880
0.462966
0.459449
0.451231
0.423942
0.467442
0.424756
0.437395
0.425430
0.410704
0.405723
0.411136
0.434672
0.417921
0.794840
0.454109
0.436858
0.436127
0.387732
0.381337
0.422190
0.395863
0.395536
0.392951
0.361185
0.391801
0.372094
0.358428
0.354579
0.372264
0.365755
0.354932
0.441288
0.464489
0.386229
0.397887
0.363651
0.348969
0.337588
0.369896
0.320152
0.351832
0.342439
0.332327
0.326079
0.322148
0.367166
0.364015
0.304018
0.323772
0.341428
0.322562
0.340320
0.338838
0.315574
0.339097
0.297516
0.303276
0.323587
0.348510
0.304134
0.351551
0.314313
0.298405
0.290958
0.310083
0.329041
0.311646
0.354668
0.315984
0.318041
0.313720
0.308492
0.324784
0.301422
0.289812
0.311819
0.265639
0.307111
0.286539
0.279141
0.318809
0.280906
0.262656
0.268669
0.299633
0.285715
0.292907
0.270064
0.279022
0.287432
0.304629
0.265582
0.270170
0.325313
0.297186
0.265668
0.273678
0.256320
0.277480
0.292370
0.296715
0.258633
0.255738
0.307024
0.249234
0.238521
0.237690
0.264492
0.251239
0.281559
0.261385
0.368011
0.312336
0.255084
0.258888
0.269254
0.272315
0.253190
0.267468
0.257917
0.272662
0.266907
0.253097
0.229998
0.263534
0.273558
0.248773
0.262273
0.238614
0.238133
0.233948
0.265734
0.238308
0.258335
0.242521
0.242678
0.241477
0.237455
0.230414
0.254314
0.217170
0.227459
0.246475
0.232675
0.228021
0.283027
0.258288
0.240353
0.318618
0.260359
0.300836
0.246353
0.225845
0.233435
0.208611
0.236234
0.225278
0.211104
0.220758
0.218768
0.205651
0.229811
0.215199
0.226052
0.247634
0.217041
0.240253
0.206250
0.258616
0.233582
0.216274
0.217611
0.211527
0.255114
0.206544
0.205156
0.199609
0.200114
0.210230
0.239654
0.225459
0.188194
0.233959
0.204304
0.214650
0.209613
0.209536
0.207570
0.194063
0.207704
0.184192
0.250188
0.212701
0.201096
0.187666
0.184704
0.193519
0.215270
0.206737
0.220597
0.177715
0.206975
0.288254
0.960503
0.472329
0.330150
0.264718
0.276487
0.273304
0.252633
0.234861
0.230586
0.212723
0.200369
0.230148
0.201843
0.213004
0.190678
0.195648
0.210340
